0 -1 3.06659e-19 -9.57168e-22 
1 -0.998795 7.66001e-05 -2.39017e-07 
2 -0.995185 0.000306214 -9.5545e-07 
3 -0.989177 0.000688267 -2.14728e-06 
4 -0.980785 0.00122176 -3.81062e-06 
5 -0.970031 0.00190522 -5.93889e-06 
6 -0.95694 0.00273658 -8.5218e-06 
7 -0.941544 0.00371313 -1.1544e-05 
8 -0.92388 0.00483135 -1.49837e-05 
9 -0.903989 0.00608681 -1.8811e-05 
10 -0.881921 0.00747403 -2.29863e-05 
11 -0.857729 0.00898636 -2.74589e-05 
12 -0.83147 0.0106158 -3.21654e-05 
13 -0.803208 0.0123531 -3.7029e-05 
14 -0.77301 0.0141871 -4.19587e-05 
15 -0.740951 0.0161055 -4.68493e-05 
16 -0.707107 0.0180941 -5.1582e-05 
17 -0.671559 0.0201371 -5.60261e-05 
18 -0.634393 0.0222171 -6.0041e-05 
19 -0.595699 0.0243152 -6.34793e-05 
20 -0.55557 0.026411 -6.61915e-05 
21 -0.514103 0.0284829 -6.80307e-05 
22 -0.471397 0.0305083 -6.88581e-05 
23 -0.427555 0.0324639 -6.85501e-05 
24 -0.382683 0.034326 -6.70045e-05 
25 -0.33689 0.0360707 -6.41475e-05 
26 -0.290285 0.0376748 -5.99402e-05 
27 -0.24298 0.0391157 -5.43838e-05 
28 -0.19509 0.0403721 -4.75243e-05 
29 -0.14673 0.0414248 -3.9455e-05 
30 -0.0980171 0.0422564 -3.03168e-05 
31 -0.0490677 0.0428528 -2.0296e-05 
32 -6.12323e-17 0.0432025 -9.61993e-06 
33 0.0490677 0.0432981 1.45089e-06 
34 0.0980171 0.0431356 1.26322e-05 
35 0.14673 0.0427152 2.36279e-05 
36 0.19509 0.0420413 3.41432e-05 
37 0.24298 0.0411222 4.3898e-05 
38 0.290285 0.0399703 5.26401e-05 
39 0.33689 0.0386016 6.01566e-05 
40 0.382683 0.0370357 6.62836e-05 
41 0.427555 0.0352946 7.09122e-05 
42 0.471397 0.0334032 7.39918e-05 
43 0.514103 0.0313875 7.55295e-05 
44 0.55557 0.0292752 7.55863e-05 
45 0.595699 0.0270939 7.42706e-05 
46 0.634393 0.0248716 7.17293e-05 
47 0.671559 0.0226352 6.81379e-05 
48 0.707107 0.0204107 6.369e-05 
49 0.740951 0.0182223 5.85867e-05 
50 0.77301 0.0160924 5.30279e-05 
51 0.803208 0.0140414 4.72041e-05 
52 0.83147 0.0120872 4.12906e-05 
53 0.857729 0.0102457 3.54433e-05 
54 0.881921 0.00853027 2.97965e-05 
55 0.903989 0.00695245 2.44621e-05 
56 0.92388 0.00552158 1.95302e-05 
57 0.941544 0.00424529 1.50712e-05 
58 0.95694 0.0031296 1.11375e-05 
59 0.970031 0.00217919 7.7669e-06 
60 0.980785 0.00139757 4.9854e-06 
61 0.989177 0.00078734 2.80979e-06 
62 0.995185 0.000350297 1.25033e-06 
63 0.998795 8.7628e-05 3.12791e-07 
64 1 -3.06659e-19 -1.09497e-21 
