0 -1 1.35525e-20 0.000380808 
1 -0.967742 7.56203e-06 -3.85753e-07 
2 -0.935484 1.76306e-05 -8.99371e-07 
3 -0.903226 2.72182e-05 -1.38845e-06 
4 -0.870968 3.69203e-05 -1.88338e-06 
5 -0.83871 4.6422e-05 -2.36808e-06 
6 -0.806452 5.58687e-05 -2.84997e-06 
7 -0.774194 6.51225e-05 -3.32202e-06 
8 -0.741935 7.42403e-05 -3.78714e-06 
9 -0.709677 8.31369e-05 -4.24097e-06 
10 -0.677419 9.18373e-05 -4.68479e-06 
11 -0.645161 0.000100279 -5.11544e-06 
12 -0.612903 0.000108474 -5.53346e-06 
13 -0.580645 0.000116371 -5.93632e-06 
14 -0.548387 0.000123975 -6.32422e-06 
15 -0.516129 0.000131245 -6.69504e-06 
16 -0.483871 0.000138179 -7.04879e-06 
17 -0.451613 0.000144744 -7.38365e-06 
18 -0.419355 0.000150937 -7.69957e-06 
19 -0.387097 0.000156727 -7.99496e-06 
20 -0.354839 0.000162114 -8.26975e-06 
21 -0.322581 0.00016707 -8.52256e-06 
22 -0.290323 0.000171595 -8.75337e-06 
23 -0.258065 0.000175664 -8.96094e-06 
24 -0.225806 0.000179279 -9.14536e-06 
25 -0.193548 0.000182418 -9.3055e-06 
26 -0.16129 0.000185086 -9.44161e-06 
27 -0.129032 0.000187263 -9.55263e-06 
28 -0.0967742 0.000188957 -9.63905e-06 
29 -0.0645161 0.000190146 -9.69969e-06 
30 -0.0322581 0.000190852 -9.73574e-06 
31 0 0.000191025 -1.0385e-05 
32 0.0322581 0.000190827 1.30966e-05 
