0 -1 -1.35525e-20 0.000323454 
1 -0.967742 6.4231e-06 -3.27654e-07 
2 -0.935484 1.49752e-05 -7.63915e-07 
3 -0.903226 2.31188e-05 -1.17933e-06 
4 -0.870968 3.13597e-05 -1.59972e-06 
5 -0.83871 3.94303e-05 -2.01142e-06 
6 -0.806452 4.74542e-05 -2.42073e-06 
7 -0.774194 5.53143e-05 -2.82169e-06 
8 -0.741935 6.30589e-05 -3.21675e-06 
9 -0.709677 7.06155e-05 -3.60223e-06 
10 -0.677419 7.80055e-05 -3.97921e-06 
11 -0.645161 8.51761e-05 -4.345e-06 
12 -0.612903 9.21364e-05 -4.70005e-06 
13 -0.580645 9.88444e-05 -5.04224e-06 
14 -0.548387 0.000105303 -5.37172e-06 
15 -0.516129 0.000111478 -5.68669e-06 
16 -0.483871 0.000117368 -5.98715e-06 
17 -0.451613 0.000122944 -6.27159e-06 
18 -0.419355 0.000128204 -6.53992e-06 
19 -0.387097 0.000133122 -6.79082e-06 
20 -0.354839 0.000137698 -7.02423e-06 
21 -0.322581 0.000141907 -7.23897e-06 
22 -0.290323 0.00014575 -7.43501e-06 
23 -0.258065 0.000149207 -7.61132e-06 
24 -0.225806 0.000152277 -7.76796e-06 
25 -0.193548 0.000154944 -7.90398e-06 
26 -0.16129 0.00015721 -8.01959e-06 
27 -0.129032 0.000159059 -8.11389e-06 
28 -0.0967742 0.000160498 -8.18729e-06 
29 -0.0645161 0.000161507 -8.2388e-06 
30 -0.0322581 0.000162108 -8.26942e-06 
31 0 0.000162254 -8.82086e-06 
32 0.0322581 0.000162086 1.11241e-05 
