0 -1 2.1684e-19 0.00293008 
1 -0.967742 5.81849e-05 -2.96812e-06 
2 -0.935484 0.000135656 -6.92008e-06 
3 -0.903226 0.000209426 -1.06832e-05 
4 -0.870968 0.000284078 -1.44914e-05 
5 -0.83871 0.000357188 -1.82208e-05 
6 -0.806452 0.000429874 -2.19287e-05 
7 -0.774194 0.000501076 -2.55608e-05 
8 -0.741935 0.000571232 -2.91396e-05 
9 -0.709677 0.000639685 -3.26316e-05 
10 -0.677419 0.000706629 -3.60465e-05 
11 -0.645161 0.000771586 -3.936e-05 
12 -0.612903 0.000834637 -4.25764e-05 
13 -0.580645 0.000895403 -4.56762e-05 
14 -0.548387 0.000953911 -4.86608e-05 
15 -0.516129 0.00100984 -5.1514e-05 
16 -0.483871 0.0010632 -5.42359e-05 
17 -0.451613 0.00111371 -5.68125e-05 
18 -0.419355 0.00116136 -5.92433e-05 
19 -0.387097 0.00120592 -6.15161e-05 
20 -0.354839 0.00124736 -6.36305e-05 
21 -0.322581 0.0012855 -6.55757e-05 
22 -0.290323 0.00132031 -6.73516e-05 
23 -0.258065 0.00135162 -6.89487e-05 
24 -0.225806 0.00137944 -7.03676e-05 
25 -0.193548 0.00140359 -7.15999e-05 
26 -0.16129 0.00142412 -7.26471e-05 
27 -0.129032 0.00144087 -7.35013e-05 
28 -0.0967742 0.0014539 -7.41663e-05 
29 -0.0645161 0.00146305 -7.46329e-05 
30 -0.0322581 0.00146849 -7.49102e-05 
31 0 0.00146981 -7.99056e-05 
32 0.0322581 0.00146829 0.00010077 
