0 -1 0 0.000274738 
1 -0.967742 5.4557e-06 -2.78306e-07 
2 -0.935484 1.27198e-05 -6.48861e-07 
3 -0.903226 1.96368e-05 -1.00171e-06 
4 -0.870968 2.66365e-05 -1.35878e-06 
5 -0.83871 3.34916e-05 -1.70847e-06 
6 -0.806452 4.0307e-05 -2.05614e-06 
7 -0.774194 4.69833e-05 -2.39671e-06 
8 -0.741935 5.35614e-05 -2.73227e-06 
9 -0.709677 5.998e-05 -3.05969e-06 
10 -0.677419 6.6257e-05 -3.37989e-06 
11 -0.645161 7.23476e-05 -3.69059e-06 
12 -0.612903 7.82596e-05 -3.99217e-06 
13 -0.580645 8.39573e-05 -4.28282e-06 
14 -0.548387 8.94433e-05 -4.56267e-06 
15 -0.516129 9.46878e-05 -4.8302e-06 
16 -0.483871 9.96908e-05 -5.08542e-06 
17 -0.451613 0.000104427 -5.32701e-06 
18 -0.419355 0.000108895 -5.55493e-06 
19 -0.387097 0.000113073 -5.76805e-06 
20 -0.354839 0.000116959 -5.9663e-06 
21 -0.322581 0.000120534 -6.14869e-06 
22 -0.290323 0.000123799 -6.31521e-06 
23 -0.258065 0.000126734 -6.46496e-06 
24 -0.225806 0.000129343 -6.59801e-06 
25 -0.193548 0.000131607 -6.71355e-06 
26 -0.16129 0.000133532 -6.81175e-06 
27 -0.129032 0.000135103 -6.89184e-06 
28 -0.0967742 0.000136325 -6.95419e-06 
29 -0.0645161 0.000137182 -6.99794e-06 
30 -0.0322581 0.000137692 -7.02395e-06 
31 0 0.000137817 -7.49234e-06 
32 0.0322581 0.000137674 9.4487e-06 
