0 -1 9.77528e-19 0.443174 
1 -0.96875 0.00825938 -0.000406544 
2 -0.9375 0.0192581 -0.000948152 
3 -0.90625 0.0297366 -0.00146468 
4 -0.875 0.0403471 -0.00198851 
5 -0.84375 0.0507489 -0.00250312 
6 -0.8125 0.0611024 -0.00301665 
7 -0.78125 0.07126 -0.00352204 
8 -0.75 0.0812853 -0.00402257 
9 -0.71875 0.0910879 -0.00451391 
10 -0.6875 0.100696 -0.00499755 
11 -0.65625 0.110045 -0.00547028 
12 -0.625 0.119145 -0.0059327 
13 -0.59375 0.127947 -0.00638217 
14 -0.5625 0.136452 -0.00681878 
15 -0.53125 0.144619 -0.00724024 
16 -0.5 0.152446 -0.00764632 
17 -0.46875 0.159896 -0.00803493 
18 -0.4375 0.166967 -0.00840568 
19 -0.40625 0.173626 -0.00875666 
20 -0.375 0.179869 -0.00908738 
21 -0.34375 0.185669 -0.00939608 
22 -0.3125 0.191021 -0.00968228 
23 -0.28125 0.195902 -0.00994438 
24 -0.25 0.200308 -0.010182 
25 -0.21875 0.204219 -0.0103936 
26 -0.1875 0.207634 -0.010579 
27 -0.15625 0.210535 -0.0107369 
28 -0.125 0.212923 -0.0108672 
29 -0.09375 0.214783 -0.0109689 
30 -0.0625 0.216118 -0.011042 
31 -0.03125 0.216918 -0.0110858 
32 0 0.217187 -0.0111006 
33 0.03125 0.216918 -0.0110858 
34 0.0625 0.216118 -0.011042 
35 0.09375 0.214783 -0.0109689 
36 0.125 0.212923 -0.0108672 
37 0.15625 0.210535 -0.0107369 
38 0.1875 0.207634 -0.010579 
39 0.21875 0.204219 -0.0103936 
40 0.25 0.200308 -0.010182 
41 0.28125 0.195902 -0.00994438 
42 0.3125 0.191021 -0.00968228 
43 0.34375 0.185669 -0.00939608 
44 0.375 0.179869 -0.00908738 
45 0.40625 0.173626 -0.00875666 
46 0.4375 0.166967 -0.00840568 
47 0.46875 0.159896 -0.00803493 
48 0.5 0.152446 -0.00764632 
49 0.53125 0.144619 -0.00724024 
50 0.5625 0.136452 -0.00681878 
51 0.59375 0.127947 -0.00638217 
52 0.625 0.119145 -0.0059327 
53 0.65625 0.110045 -0.00547028 
54 0.6875 0.100696 -0.00499755 
55 0.71875 0.0910879 -0.00451391 
56 0.75 0.0812853 -0.00402257 
57 0.78125 0.07126 -0.00352204 
58 0.8125 0.0611024 -0.00301665 
59 0.84375 0.0507489 -0.00250312 
60 0.875 0.0403471 -0.00198851 
61 0.90625 0.0297366 -0.00146468 
62 0.9375 0.0192581 -0.000948152 
63 0.96875 0.00825938 -0.000406544 
64 1 -9.77528e-19 0.443174 
