0 -0.0322581 0.418582 0.0560604 
1 0 0.41942 -0.0450572 
2 0.0322581 0.418689 -0.0351957 
3 0.0645161 0.415935 -0.0401484 
4 0.0967742 0.411249 -0.0345818 
5 0.129032 0.404699 -0.0361359 
6 0.16129 0.396362 -0.0315116 
7 0.193548 0.386357 -0.0308601 
8 0.225806 0.374811 -0.0265268 
9 0.258065 0.361869 -0.0245918 
10 0.290323 0.347694 -0.020319 
11 0.322581 0.33245 -0.0177246 
12 0.354839 0.31632 -0.013581 
13 0.387097 0.299471 -0.0107795 
14 0.419355 0.282088 -0.00694838 
15 0.451613 0.264328 -0.00429822 
16 0.483871 0.246365 -0.000979581 
17 0.516129 0.228332 0.00124119 
18 0.548387 0.210381 0.0038795 
19 0.580645 0.192607 0.00547561 
20 0.612903 0.175134 0.00732446 
21 0.645161 0.158012 0.00818596 
22 0.677419 0.141334 0.00920659 
23 0.709677 0.125099 0.00930659 
24 0.741935 0.109374 0.00953154 
25 0.774194 0.0940952 0.00891857 
26 0.806452 0.0793249 0.00844509 
27 0.83871 0.0649195 0.00723099 
28 0.870968 0.0509786 0.00620979 
29 0.903226 0.0372114 0.00455495 
30 0.935484 0.0239327 0.00317823 
31 0.967742 0.0102252 0.00126128 
32 1 0 0.514518 
