0 -1 0 0.0084662 
1 -0.967742 0.00016812 -8.57614e-06 
2 -0.935484 0.000391967 -1.9995e-05 
3 -0.903226 0.000605119 -3.08683e-05 
4 -0.870968 0.000820819 -4.18715e-05 
5 -0.83871 0.00103206 -5.26475e-05 
6 -0.806452 0.00124208 -6.3361e-05 
7 -0.774194 0.00144782 -7.38558e-05 
8 -0.741935 0.00165052 -8.41964e-05 
9 -0.709677 0.00184831 -9.42861e-05 
10 -0.677419 0.00204174 -0.000104153 
11 -0.645161 0.00222943 -0.000113727 
12 -0.612903 0.00241161 -0.000123021 
13 -0.580645 0.00258719 -0.000131977 
14 -0.548387 0.00275624 -0.000140601 
15 -0.516129 0.00291785 -0.000148845 
16 -0.483871 0.00307203 -0.00015671 
17 -0.451613 0.00321797 -0.000164155 
18 -0.419355 0.00335565 -0.000171178 
19 -0.387097 0.00348439 -0.000177745 
20 -0.354839 0.00360415 -0.000183855 
21 -0.322581 0.00371433 -0.000189475 
22 -0.290323 0.00381492 -0.000194607 
23 -0.258065 0.00390539 -0.000199221 
24 -0.225806 0.00398576 -0.000203321 
25 -0.193548 0.00405556 -0.000206882 
26 -0.16129 0.00411487 -0.000209908 
27 -0.129032 0.00416326 -0.000212376 
28 -0.0967742 0.00420092 -0.000214297 
29 -0.0645161 0.00422735 -0.000215645 
30 -0.0322581 0.00424306 -0.000216447 
31 0 0.00424689 -0.00023088 
32 0.0322581 0.00424251 0.000291167 
