0 -1 5.42101e-20 0.00140558 
1 -0.967742 2.79118e-05 -1.42384e-06 
2 -0.935484 6.50755e-05 -3.31963e-06 
3 -0.903226 0.000100464 -5.12485e-06 
4 -0.870968 0.000136275 -6.95164e-06 
5 -0.83871 0.000171346 -8.74069e-06 
6 -0.806452 0.000206214 -1.05194e-05 
7 -0.774194 0.000240371 -1.22618e-05 
8 -0.741935 0.000274025 -1.39785e-05 
9 -0.709677 0.000306863 -1.56537e-05 
10 -0.677419 0.000338976 -1.72918e-05 
11 -0.645161 0.000370137 -1.88814e-05 
12 -0.612903 0.000400383 -2.04243e-05 
13 -0.580645 0.000429533 -2.19113e-05 
14 -0.548387 0.0004576 -2.3343e-05 
15 -0.516129 0.000484431 -2.47117e-05 
16 -0.483871 0.000510027 -2.60174e-05 
17 -0.451613 0.000534257 -2.72535e-05 
18 -0.419355 0.000557116 -2.84195e-05 
19 -0.387097 0.000578489 -2.95098e-05 
20 -0.354839 0.000598372 -3.05241e-05 
21 -0.322581 0.000616665 -3.14572e-05 
22 -0.290323 0.000633365 -3.23092e-05 
23 -0.258065 0.000648384 -3.30753e-05 
24 -0.225806 0.000661728 -3.3756e-05 
25 -0.193548 0.000673315 -3.43471e-05 
26 -0.16129 0.000683164 -3.48495e-05 
27 -0.129032 0.000691197 -3.52593e-05 
28 -0.0967742 0.00069745 -3.55782e-05 
29 -0.0645161 0.000701837 -3.58021e-05 
30 -0.0322581 0.000704446 -3.59351e-05 
31 0 0.000705082 -3.83314e-05 
32 0.0322581 0.000704354 4.83404e-05 
