0 -0.0322581 0.167032 0.0114781 
1 0 0.167205 -0.00910149 
2 0.0322581 0.167054 -0.00853236 
3 0.0645161 0.166435 -0.00850043 
4 0.0967742 0.165393 -0.00844669 
5 0.129032 0.163908 -0.00837014 
6 0.16129 0.162001 -0.00827182 
7 0.193548 0.159663 -0.00815135 
8 0.225806 0.156912 -0.00800965 
9 0.258065 0.153745 -0.00784658 
10 0.290323 0.15018 -0.00766314 
11 0.322581 0.146216 -0.00745932 
12 0.354839 0.141875 -0.00723622 
13 0.387097 0.137156 -0.00699391 
14 0.419355 0.132085 -0.00673364 
15 0.451613 0.126661 -0.00645553 
16 0.483871 0.120913 -0.00616098 
17 0.516129 0.114841 -0.00585009 
18 0.548387 0.108477 -0.00552448 
19 0.580645 0.10182 -0.00518417 
20 0.612903 0.0949076 -0.00483101 
21 0.645161 0.0877354 -0.00446488 
22 0.677419 0.0803471 -0.00408797 
23 0.709677 0.0727333 -0.00369981 
24 0.741935 0.0649485 -0.00330317 
25 0.774194 0.0569706 -0.00289692 
26 0.806452 0.0488742 -0.00248484 
27 0.83871 0.0406095 -0.00206438 
28 0.870968 0.0322971 -0.00164163 
29 0.903226 0.0238096 -0.00121012 
30 0.935484 0.0154226 -0.000783803 
31 0.967742 0.00661495 -0.000336173 
32 1 0 0.333115 
