0 -1 1.96262e-17 -2.13103e-19 
1 -0.998795 0.000266471 -2.89253e-06 
2 -0.995185 0.00106525 -1.15638e-05 
3 -0.989177 0.0023945 -2.59971e-05 
4 -0.980785 0.00425135 -4.6173e-05 
5 -0.970031 0.00663217 -7.20806e-05 
6 -0.95694 0.00953294 -0.000103734 
7 -0.941544 0.0129497 -0.000141192 
8 -0.92388 0.0168792 -0.000184578 
9 -0.903989 0.0213192 -0.000234105 
10 -0.881921 0.0262691 -0.000290096 
11 -0.857729 0.0317307 -0.000353006 
12 -0.83147 0.037708 -0.000423435 
13 -0.803208 0.044208 -0.000502139 
14 -0.77301 0.0512405 -0.000590024 
15 -0.740951 0.0588178 -0.000688133 
16 -0.707107 0.0669542 -0.000797619 
17 -0.671559 0.0756652 -0.000919694 
18 -0.634393 0.0849664 -0.00105556 
19 -0.595699 0.0948719 -0.00120634 
20 -0.55557 0.105393 -0.00137294 
21 -0.514103 0.116535 -0.00155595 
22 -0.471397 0.128297 -0.00175549 
23 -0.427555 0.140669 -0.00197106 
24 -0.382683 0.153631 -0.00220137 
25 -0.33689 0.167146 -0.00244415 
26 -0.290285 0.181167 -0.00269596 
27 -0.24298 0.195627 -0.00295204 
28 -0.19509 0.210442 -0.00320608 
29 -0.14673 0.225511 -0.00345004 
30 -0.0980171 0.240709 -0.00367399 
31 -0.0490677 0.255891 -0.00386595 
32 -6.12323e-17 0.270888 -0.00401178 
33 0.0490677 0.28551 -0.00409519 
34 0.0980171 0.29954 -0.00409786 
35 0.14673 0.312739 -0.00399987 
36 0.19509 0.324843 -0.00378037 
37 0.24298 0.335567 -0.00341875 
38 0.290285 0.344608 -0.00289644 
39 0.33689 0.351653 -0.0021992 
40 0.382683 0.356385 -0.00132021 
41 0.427555 0.358498 -0.000263432 
42 0.471397 0.357714 0.000952848 
43 0.514103 0.3538 0.00229324 
44 0.55557 0.346594 0.00370403 
45 0.595699 0.336028 0.00511446 
46 0.634393 0.322144 0.00644146 
47 0.671559 0.305115 0.00759767 
48 0.707107 0.285243 0.0085021 
49 0.740951 0.262962 0.00909138 
50 0.77301 0.238808 0.00932921 
51 0.803208 0.213396 0.00921165 
52 0.83147 0.187379 0.00876685 
53 0.857729 0.161409 0.00804955 
54 0.881921 0.136102 0.00713182 
55 0.903989 0.112006 0.00609251 
56 0.92388 0.0895882 0.00500776 
57 0.941544 0.0692238 0.00394403 
58 0.95694 0.0511996 0.00295437 
59 0.970031 0.0357232 0.00207767 
60 0.980785 0.022936 0.00133996 
61 0.989177 0.0129282 0.000756983 
62 0.995185 0.00575307 0.000337171 
63 0.998795 0.00143922 8.43723e-05 
64 1 1.96262e-17 1.15097e-18 
