0 -0.0322581 0.181263 0.0124705 
1 0 0.181451 -0.0098884 
2 0.0322581 0.181287 -0.0092699 
3 0.0645161 0.180614 -0.00923489 
4 0.0967742 0.179482 -0.00917589 
5 0.129032 0.177869 -0.00909193 
6 0.16129 0.175798 -0.00898408 
7 0.193548 0.173258 -0.00885202 
8 0.225806 0.17027 -0.00869671 
9 0.258065 0.166829 -0.00851812 
10 0.290323 0.162957 -0.00831729 
11 0.322581 0.158652 -0.00809431 
12 0.354839 0.153938 -0.00785038 
13 0.387097 0.148814 -0.00758565 
14 0.419355 0.143307 -0.00730149 
15 0.451613 0.137419 -0.0069981 
16 0.483871 0.131179 -0.00667701 
17 0.516129 0.124588 -0.0063384 
18 0.548387 0.11768 -0.005984 
19 0.580645 0.110455 -0.00561392 
20 0.612903 0.102953 -0.00523014 
21 0.645161 0.0951705 -0.00483258 
22 0.677419 0.0871538 -0.00442359 
23 0.709677 0.0788932 -0.0040027 
24 0.741935 0.0704474 -0.00357285 
25 0.774194 0.0617929 -0.00313287 
26 0.806452 0.0530102 -0.00268678 
27 0.83871 0.0440455 -0.00223185 
28 0.870968 0.0350293 -0.0017746 
29 0.903226 0.0258235 -0.00130802 
30 0.935484 0.016727 -0.000847158 
31 0.967742 0.0071744 -0.000363335 
32 1 0 0.361287 
