0 -1 2.71051e-20 0.000934593 
1 -0.967742 1.8559e-05 -9.46729e-07 
2 -0.935484 4.32696e-05 -2.20727e-06 
3 -0.903226 6.67997e-05 -3.40758e-06 
4 -0.870968 9.06111e-05 -4.62224e-06 
5 -0.83871 0.00011393 -5.81181e-06 
6 -0.806452 0.000137115 -6.99449e-06 
7 -0.774194 0.000159826 -8.15302e-06 
8 -0.741935 0.000182203 -9.29453e-06 
9 -0.709677 0.000204037 -1.04083e-05 
10 -0.677419 0.00022539 -1.14976e-05 
11 -0.645161 0.000246109 -1.25545e-05 
12 -0.612903 0.00026622 -1.35804e-05 
13 -0.580645 0.000285602 -1.45691e-05 
14 -0.548387 0.000304264 -1.55211e-05 
15 -0.516129 0.000322105 -1.64312e-05 
16 -0.483871 0.000339124 -1.72994e-05 
17 -0.451613 0.000355235 -1.81212e-05 
18 -0.419355 0.000370434 -1.88965e-05 
19 -0.387097 0.000384646 -1.96215e-05 
20 -0.354839 0.000397866 -2.02959e-05 
21 -0.322581 0.000410029 -2.09164e-05 
22 -0.290323 0.000421133 -2.14828e-05 
23 -0.258065 0.00043112 -2.19922e-05 
24 -0.225806 0.000439992 -2.24448e-05 
25 -0.193548 0.000447697 -2.28379e-05 
26 -0.16129 0.000454245 -2.31719e-05 
27 -0.129032 0.000459586 -2.34444e-05 
28 -0.0967742 0.000463744 -2.36565e-05 
29 -0.0645161 0.000466662 -2.38053e-05 
30 -0.0322581 0.000468396 -2.38938e-05 
31 0 0.000468819 -2.54871e-05 
32 0.0322581 0.000468335 3.21422e-05 
