0 -1 -7.85046e-17 1.10721e-30 
1 -0.998795 2.67619e-16 1.1838e-31 
2 -0.995185 -1.21914e-16 -1.31783e-32 
3 -0.989177 2.46428e-16 -2.7354e-31 
4 -0.980785 2.03832e-16 -1.20541e-31 
5 -0.970031 4.7717e-16 -9.53139e-32 
6 -0.95694 3.00902e-16 2.16712e-31 
7 -0.941544 5.90406e-17 5.79143e-32 
8 -0.92388 -3.60024e-16 -1.13195e-31 
9 -0.903989 -1.81599e-16 8.25356e-32 
10 -0.881921 2.86182e-17 -2.1708e-32 
11 -0.857729 5.33545e-16 1.75588e-31 
12 -0.83147 -3.09762e-16 2.81887e-30 
13 -0.803208 1.0645e-14 -9.61536e-28 
14 -0.77301 1.07306e-13 -1.00429e-25 
15 -0.740951 1.19812e-12 -1.22931e-23 
16 -0.707107 1.3888e-11 -1.56937e-21 
17 -0.671559 1.61007e-10 -1.96566e-19 
18 -0.634393 1.82307e-09 -2.3035e-17 
19 -0.595699 1.96954e-08 -2.41028e-15 
20 -0.55557 1.98413e-07 -2.15149e-13 
21 -0.514103 1.8229e-06 -1.56764e-11 
22 -0.471397 1.49508e-05 -8.93793e-10 
23 -0.427555 0.000107269 -3.83083e-08 
24 -0.382683 0.000660621 -1.18852e-06 
25 -0.33689 0.00343157 -2.57627e-05 
26 -0.290285 0.0147981 -0.00037736 
27 -0.24298 0.0522368 -0.00361663 
28 -0.19509 0.149119 -0.0219358 
29 -0.14673 0.340789 -0.0808647 
30 -0.0980171 0.618556 -0.169618 
31 -0.0490677 0.886582 -0.169295 
32 -6.12323e-17 1 1.44329e-15 
33 0.0490677 0.886582 0.169295 
34 0.0980171 0.618556 0.169618 
35 0.14673 0.340789 0.0808647 
36 0.19509 0.149119 0.0219358 
37 0.24298 0.0522368 0.00361663 
38 0.290285 0.0147981 0.00037736 
39 0.33689 0.00343157 2.57627e-05 
40 0.382683 0.000660621 1.18852e-06 
41 0.427555 0.000107269 3.83083e-08 
42 0.471397 1.49508e-05 8.93793e-10 
43 0.514103 1.8229e-06 1.56764e-11 
44 0.55557 1.98413e-07 2.15149e-13 
45 0.595699 1.96954e-08 2.41028e-15 
46 0.634393 1.82307e-09 2.3035e-17 
47 0.671559 1.61008e-10 1.96567e-19 
48 0.707107 1.38889e-11 1.56947e-21 
49 0.740951 1.20002e-12 1.2312e-23 
50 0.77301 1.08778e-13 1.01946e-25 
51 0.803208 1.09241e-14 9.68108e-28 
52 0.83147 3.19481e-15 2.46625e-29 
53 0.857729 2.34659e-15 2.87465e-30 
54 0.881921 1.93522e-15 3.31724e-30 
55 0.903989 7.30518e-16 1.57485e-30 
56 0.92388 9.1774e-17 -7.82671e-34 
57 0.941544 7.37045e-16 -3.19184e-31 
58 0.95694 3.8356e-16 3.80783e-31 
59 0.970031 1.6068e-16 -5.23745e-32 
60 0.980785 5.41962e-16 -3.0687e-31 
61 0.989177 3.81609e-16 5.46218e-31 
62 0.995185 1.21914e-16 1.10823e-31 
63 0.998795 2.03409e-16 4.15416e-31 
64 1 -7.85046e-17 -9.0181e-31 
