0 -0.337098 2.0982e-05 0 
1 -0.333333 3.19846e-05 0 
2 -0.322122 1.16042e-05 0 
3 -0.303715 2.16506e-05 0 
4 -0.278524 -2.63528e-06 0 
5 -0.247111 0.000209061 0 
6 -0.210177 0.00169759 0 
7 -0.168549 0.0160507 0 
8 -0.123156 0.100663 0 
9 -0.0750115 0.381255 0 
10 -0.0251914 0.763996 0 
11 0.0251914 0.763996 0 
12 0.0750115 0.381255 0 
13 0.123156 0.100663 0 
14 0.168549 0.0160507 0 
15 0.210177 0.00169759 0 
16 0.247111 0.000209061 0 
17 0.278524 -2.63528e-06 0 
18 0.303715 2.16506e-05 0 
19 0.322122 1.16042e-05 0 
20 0.333333 3.19846e-05 0 
21 0.337098 2.0982e-05 0 
