0 -0.337098 2.115e-05 0 
1 -0.333333 2.80397e-05 0 
2 -0.322122 1.50212e-05 0 
3 -0.303715 2.23843e-05 0 
4 -0.278524 3.11602e-05 0 
5 -0.247111 0.000346626 0 
6 -0.210177 0.00276338 0 
7 -0.168549 0.0211901 0 
8 -0.123156 0.114748 0 
9 -0.0750115 0.389493 0 
10 -0.0251914 0.737383 0 
11 0.0251914 0.737383 0 
12 0.0750115 0.389493 0 
13 0.123156 0.114748 0 
14 0.168549 0.0211901 0 
15 0.210177 0.00276338 0 
16 0.247111 0.000346626 0 
17 0.278524 3.11602e-05 0 
18 0.303715 2.23843e-05 0 
19 0.322122 1.50212e-05 0 
20 0.333333 2.80397e-05 0 
21 0.337098 2.115e-05 0 
