#	nmpi	nmp	ntt	med	avg	std
1	1	1	1779.4648685000002	1728.4703490000002	98.073721912574655
1	4	1	1232.894749	1234.9703358749998	8.2859246477493294
1	4	4	1091.4466735000001	1094.2151677500001	8.6249214591167753
1	8	1	1242.709906	1243.2251820000001	14.705811086625998
1	8	4	1143.2971499999999	1152.1771757500001	14.249918869778922
2	1	1	609.80850950000001	599.5633345	22.113930873836907
2	4	1	390.51574249999999	398.06467275	29.16864982676195
2	4	4	362.25702699999999	365.80455174999997	43.348406999080396
2	8	1	387.489373	403.63623587500001	51.372119083604794
2	8	4	432.35807799999998	420.85464687499996	37.759224656906227
4	1	1	176.2890055	176.06164087500002	0.5622931639826384
4	4	1	176.69854950000001	176.74350899999999	2.9521133898171588
4	4	4	102.996239	103.02444274999999	0.63712011489607656
4	8	1	190.76415950000001	192.40618862499997	3.6205652020621333
4	8	4	142.06638500000003	140.89055525000001	2.8838231628301911
8	1	1	59.391024000000002	59.392606624999999	0.28996848297484745
8	4	1	44.0640845	45.028372999999995	1.7749529977257148
8	4	4	36.551372000000001	36.382064749999998	1.4682234601263662
8	8	1	46.721922000000006	46.609418249999997	0.92457150344250694
8	8	4	59.284283500000001	59.273111999999998	0.5447799305630201
