#	nmpi	nmp	ntt	med	avg	std
1	1	1	167.25568749999999	166.68083912500001	3.7290060914860219
1	4	1	132.244426	132.34343187499999	0.78730289548184862
1	4	4	92.609778000000006	92.703360375000017	0.22246939268972357
1	8	1	137.56999500000001	138.599181625	3.0055012376786645
1	8	4	117.424273	117.06469925	1.8340665134105507
2	1	1	171.77873199999999	171.85410362500002	0.28451902631368237
2	4	1	155.80098699999999	156.14147712499999	2.0025684251184388
2	4	4	171.09340850000001	171.33702400000001	0.91339338182844287
2	8	1	423.021657	422.8493125	1.5415126082641977
2	8	4	161.81210299999998	162.03879499999999	1.0172886025404735
8	1	1	208.5020585	208.86481412500001	1.2851158338051156
8	4	1	166.843312	166.31257812499999	2.0092529221133058
8	4	4	114.5083005	114.54430625000001	2.2154125271409257
8	8	1	167.3219455	166.48388937499999	2.0467271603169879
8	8	4	181.92253449999998	181.78720337499999	1.9889040568162792

1	1	1	226.3484315	223.168812375	7.813946826586384
1	4	1	148.3936045	148.5423595	0.8699641022175854
1	4	4	57.6048945	62.655702375	8.010382783870147
1	8	1	165.578051	165.546431375	0.9511122874089196
1	8	4	68.3249435	65.5384905	7.6423566139597785
2	1	1	216.770739	216.20922875	1.0485699778674475
2	4	1	203.2512035	314.75263425	203.59084838347258
2	4	4	86.1715755	115.08361575	76.53054964529132
2	8	1	785.555672	700.16953225	213.44329080269216
2	8	4	566.7322975	526.296763625	226.97290651803885
4	1	1	223.94694049999998	223.89343587500002	0.900640276380424
4	4	1	862.0389525	813.8325575	91.40400652338336
4	4	4	693.0400305000001	628.2753266249999	211.11055690718564
4	8	1	1694.6273390000001	1605.64346225	260.65030761606056
4	8	4	1286.2649595	1371.340155375	183.08174867663098
8	1	1	445.74807350000003	419.60499637500004	146.70856104982715
8	4	1	356.451358	357.808167375	8.701339492354853
8	4	4	273.26261150000005	273.67740575	5.505932436655975
8	8	1	2236.4153875	2256.4235515	72.18427139969904
8	8	4	2080.399302	2079.619777625	23.254728096645092